1450171
137743
137743
90267
90262
215250
886606
79814
245562
245562
1442179
591952
857340
5046
44565
936046
597362
84607
112102
578462
5599
5599
29001
1187941
946122
703135
1392246
5101
50730
202700
55340
1754192
693288
264122
1405086
1284279
139415
1333626
314023
335852
462254
516989
1211726
47426
47427
1314977
64368
47428
1076256
53486
756982
663331
526244
526244
5191
5454
1016881
341454
1344418
286159
487661
690307
176161
41753
109264
767769
176172
1191711
454130
1392248
41067
602072
182096
344612
319631
573508
1810909
41066
1340029
1191702
447248
332952
451804
330879
176168
1160497
51019
319626
301854
138288
1232676
1131488
34381
1033177
319628
1137211
41759
1883083
2184044
1196635
162425
380704
425011
1451139
1353008
1509407
1392255
1392256
138278
1250372
510516
41750
41959
1353007
319630
308745
41761
5064
138281
1250373
979771
487660
319627
138282
1810926
1883081
1392250
1036612
482145
341663
478866
767770
91492
1810928
40381
446911
288669
1810929
1036611
657443
1341132
1073089
1073090
1938712
1176130
1043003
1043004
5580
1043005
717982
97359
40419
984486
64653
1230402
423460
684364
717646
655819
147497
97378
1954211
748444
4850
1401090
64508
559298
546991
62688
1268274
388810
749465
34439
1328754
252184
930990
55169
280465
40559
73172
1356009
147558
1485229
1907482
380014
1353952
1330018
47187
312312
237561
983967
984487
590646
36065
1182541
1182542
5601
109876
1555241
1555241
794803
43958
27311
1522189
305860
314043
92897
314031
717836
1175230
914234
1142151
1854472
306901
139949
1379296
54742
180810
1336337
64509
1882861
101103
1437435
27339
1442370
1279043
569365
1182543
1182544
585595
5499
92950
706981
48021
306902
1486700
239101
378275
1231657
29856
246410
54530
380015
930089
5016
701091
977863
930090
665912
930091
4864
763665
417178
90255
27357
5460
343994
1173702
129314
1445577
1209918
645133
759273
145971
681940
1460502
1209926
359342
1209931
703756
1500509
1173701
708197
1216348
796925
1314799
172190
177197
177197
1571157
1450552
85977
741705
1168221
980116
71717
575509
5346
1132390
230819
71723
983644
45810
1149754
59586
1954473
179855
708437
68775
660469
57679
235443
214684
104414
89929
104416
940279
1907526
45142
76405
68777
983966
394432
1220924
467946
1883072
252740
1858805
1079267
1314783
1001832
284592
184978
747657
1504671
147560
1314803
256645
1883078
1214573
114155
114155
732165
114155
101130
1150837
259522
372059
215637
603311
420778
1314786
1392245
675120
239200
302913
284813
907965
876142
1178016
1263415
481877
97380
281842
1392243
284811
52586
1397323
1388766
1287681
5219
1493668
1314671
91920
91920
1182545
858893
212818
215243
1016849
91928
348802
5610
914049
1329386
1078123
57688
436010
1128425
40442
694068
40450
40483
34475
254056
1442371
856822
1442368
249398
61235
1279085
5518
5507
426428
1028729
48865
169388
334819
109897
644352
685588
767862
112417
94610
101096
1116229
382532
205761
670483
710243
474922
574774
62708
1123529
101105
127520
655863
856835
1149896
37245
1314804
109634
1447940
236213
944289
85971
33161
101107
53685
686832
5364
1907527
101127
747525
1397325
1140402
339724
1142505
245834
91943
138530
82268
994086
378272
139363
72124
937743
354079
945553
984485
1001833
1001938
1001937
100027
1079114
1079257
1079114
5319
933084
1569628
139406
1392251
1071382
668251
61397
284590
4999
1382522
1095629
29883
111141
1837270
71967
1314785
2184036
92901
92902
260670
260671
1884255
1391043
2136021
1513325
156609
40482
5353
40482
153919
1328759
1328758
5365
690899
1709938
741139
64659
75374
1485227
985895
1258663
85980
106004
1263082
420593
61395
673940
45816
578093
29829
1496277
86794
86794
86794
86794
86794
64571
379508
151671
1314788
690887
390894
190466
132173
380016
90686
1400762
35725
1126212
301207
242507
644358
425265
1230383
1328755
1896173
1072389
61414
1395130
100035
1280837
242475
203908
5261
1155946
100047
371115
2038071
84746
1095630
313359
1323573
655827
655844
869754
27322
178747
294746
36921
683840
683840
196109
1682393
554155
703497
34349
1391700
1284197
1149898
1155947
1954213
554373
1174673
1174673
1174678
310910
310910
101098
1069443
29902
36080
101140
101122
376703
288524
1149848
1149786
573729
1033008
1745969
380012
1033014
230804
220801
230806
858877
1033242
1314675
230807
1045383
1033263
230812
1940295
1033281
1047171
64632
147570
110576
574789
857566
1397326
51660
51657
112072
660122
881290
1754190
1287680
48691
1314782
78410
331117
5141
367110
5141
510953
588809
510952
267680
578460
1052685
110081
871575
638633
913774
1026881
1128401
1496296
1469910
1224258
1262450
38032
1117330
139077
669874
5093
264951
330517
5636
5636
48022
482561
502780
1460663
798071
1500003
35722
1346257
463315
1132860
664439
416450
69765
5074
1392249
5083
500485
1353254
36646
69771
1170229
1170230
1314791
27334
70095
254877
69773
5078
40296
1397297
1346256
1439352
933388
60169
1392252
60172
303698
1316194
2136024
293382
29845
1897082
40463
97972
61495
1286976
1884258
158046
1770614
1508275
231932
5306
60185
167367
40472
127956
149040
1664694
747484
98765
745531
109635
109636
181755
1408161
4837
269771
269771
269771
121624
595635
989973
55181
1130410
1907483
1882840
763406
644223
1314780
64641
101123
765440
1907219
1109443
1754191
73868
178872
37468
1280572
40658
40658
100044
5323
5322
1137138
944288
181527
42068
1380566
515849
5145
314037
48157
330526
705562
682080
1314778
139420
5640
1330019
175858
670580
104341
109895
27332
56484
1873960
1695903
658429
1141098
1684307
470096
1151754
1305764
181762
1884261
860303
860303
56615
1238467
1165861
875184
630390
741275
1323837
5643
5643
158605
158605
571087
158606
285811
765867
861557
45151
1076935
64574
1314676
304332
1756112
329046
1108050
1504668
588596
588596
588596
588596
588596
747089
588596
176626
98235
180088
1314800
36057
58291
1271458
1340429
58291
1745343
206335
34475
5288
5286
5286
5286
5286
5286
1130832
5535
578459
1397322
5537
1907212
1305733
37885
264144
50990
219653
988480
281847
98861
40490
258981
152965
1897646
517384
1490168
131308
1149757
1162671
1162672
1162673
1162674
559292
4932
698492
90258
51139
322104
5334
1314666
1314663
27342
653667
402676
483514
4896
314040
1036808
1529657
1410009
665079
1884260
933852
1884257
692275
215467
2136033
109899
690234
936435
578457
210430
93612
93612
89935
1314777
467971
106016
133412
133412
133383
1302862
83679
1202976
619300
33158
68786
101115
645134
5003
999809
1397324
365493
101117
45794
1340428
80388
321614
765868
73508
183478
721885
796026
48561
1912932
1400700
1904413
48568
48569
48571
279518
930992
222705
48586
48587
48589
983144
254439
13706
1851187
1851185
1712513
1392253
5094
441960
1131652
441959
1097556
161662
82571
139407
1882483
101142
78915
107832
319061
46453
370292
1133049
5541
1450529
1384585
1384583
1384584
35720
1506992
1037660
58915
1954214
58919
29910
311114
767744
4950
1048955
5632
575983
160864
1140396
259368
526243
239206
154538
717944
1111950
390896
71784
578456
1356356
43433
703511
1042311
101201
452589
58853
398673
983964
5544
983965
51453
431241
413071
40145
64416
47213
559305
663202
1186058
1220162
457529
105714
879819
1196434
1117335
1055551
152316
1048519
42251
656061
1051891
156515
91625
41833
1883073
336963
2183100
111620
1159556
1128400
237631
152775
1314806
941530
5025
415593
253628
85948
27335
27337
1520773
706473
47058
47058
1299270
671144
318751
45788
4927
43439
81056
714311
301416
36058
37992
1940296
1328760
4952
284591
1213189
1080233
42210
160035
64656
5621
4956
985147
1047168
985140
1016881
701091
